# date	time	epoch	lr	lrcriterion	runtime	bch(ms)	smp(ms)	fwd(ms)	crit-fwd(ms)	bwd(ms)	optim(ms)	loss	train-TER	Valid/-TER	avg-isz	avg-tsz	max-tsz	hrs	thrpt(sec/sec)
2019-03-12 18:51:33        1 0.100000 0.000000 00:03:20 2276.90 10.22 773.49 38.68 1418.60 61.46   28.55930 100.46 100.00 504 085 184    3.95 70.95
2019-03-12 18:55:07        2 0.100000 0.000000 00:03:14 2205.66 6.00 720.78 35.20 1409.23 57.16   22.08523 100.00 100.00 504 085 184    3.95 73.24
2019-03-12 18:58:43        3 0.100000 0.000000 00:03:18 2250.92 4.97 753.58 36.20 1421.12 58.01   20.63036 100.00 100.00 504 085 184    3.95 71.77
2019-03-12 19:02:20        4 0.100000 0.000000 00:03:18 2253.37 7.76 727.89 37.83 1450.33 55.02   20.10321 100.00 100.00 504 085 184    3.95 71.69
2019-03-12 19:05:59        5 0.100000 0.000000 00:03:20 2283.35 5.39 722.67 35.57 1486.20 56.69   19.52698 100.00 100.00 504 085 184    3.95 70.75
2019-03-12 19:09:59        6 0.100000 0.000000 00:03:42 2533.60 7.05 731.31 38.35 1726.30 55.89   19.32088 99.90 99.96 504 085 184    3.95 63.76
2019-03-12 19:14:17        7 0.100000 0.000000 00:03:59 2726.47 3.76 745.51 34.50 1907.88 56.07   18.93657 99.64 99.64 504 085 184    3.95 59.25
2019-03-12 19:18:58        8 0.100000 0.000000 00:04:21 2971.12 6.49 727.88 38.01 2166.43 57.25   18.69823 99.55 99.72 504 085 184    3.95 54.37
2019-03-12 19:23:31        9 0.100000 0.000000 00:04:15 2906.55 5.55 732.00 41.13 2100.40 55.71   18.50534 99.51 99.64 504 085 184    3.95 55.58
2019-03-12 19:27:42       10 0.100000 0.000000 00:03:53 2648.57 5.41 711.59 36.41 1862.31 56.33   18.39386 99.25 99.69 504 085 184    3.95 60.99
2019-03-12 19:31:36       11 0.100000 0.000000 00:03:36 2462.03 6.27 708.75 35.22 1677.00 57.26   18.13311 98.94 98.51 504 085 184    3.95 65.61
2019-03-12 19:35:19       12 0.100000 0.000000 00:03:26 2342.36 5.87 670.40 35.11 1597.23 55.90   18.03531 98.56 99.01 504 085 184    3.95 68.97
2019-03-12 19:39:01       13 0.100000 0.000000 00:03:24 2322.42 4.07 692.14 35.33 1556.38 56.53   17.81695 97.93 98.62 504 085 184    3.95 69.56
2019-03-12 19:42:58       14 0.100000 0.000000 00:03:38 2488.38 4.94 702.57 35.59 1711.92 56.34   17.59823 97.56 96.56 504 085 184    3.95 64.92
2019-03-12 19:46:24       15 0.100000 0.000000 00:03:13 2194.84 2.68 543.47 28.32 1587.11 50.75   17.37261 96.98 97.88 504 085 184    3.95 73.60
2019-03-12 19:49:40       16 0.100000 0.000000 00:03:03 2085.83 4.95 526.66 27.83 1491.63 51.63   17.01407 96.51 97.37 504 085 184    3.95 77.45
2019-03-12 19:52:47       17 0.100000 0.000000 00:02:53 1971.21 5.15 530.31 27.58 1373.65 51.22   16.62257 95.25 96.56 504 085 184    3.95 81.95
2019-03-12 19:55:58       18 0.100000 0.000000 00:02:58 2025.92 4.92 528.36 27.82 1431.64 50.20   16.23698 92.02 87.91 504 085 184    3.95 79.74
2019-03-12 19:58:38       19 0.100000 0.000000 00:02:26 1663.75 4.74 531.28 27.37 1065.79 51.03   15.69343 86.45 84.76 504 085 184    3.95 97.09
2019-03-12 20:01:18       20 0.100000 0.000000 00:02:26 1663.37 4.62 533.60 28.21 1062.59 51.54   15.29798 82.85 87.86 504 085 184    3.95 97.12
2019-03-12 20:03:51       21 0.100000 0.000000 00:02:19 1586.33 3.22 533.40 27.10 989.44 49.05   14.80985 79.09 76.60 504 085 184    3.95 101.83
2019-03-12 20:06:27       22 0.100000 0.000000 00:02:22 1620.62 4.56 534.29 28.76 1020.14 49.82   14.39491 74.43 75.81 504 085 184    3.95 99.68
2019-03-12 20:09:02       23 0.100000 0.000000 00:02:21 1612.22 4.38 546.76 28.33 998.65 50.82   13.94067 71.06 68.54 504 085 184    3.95 100.20
2019-03-12 20:11:36       24 0.100000 0.000000 00:02:21 1603.67 4.47 521.90 29.81 1015.62 50.00   13.59412 67.94 72.26 504 085 184    3.95 100.73
2019-03-12 20:14:15       25 0.100000 0.000000 00:02:20 1597.12 3.24 535.34 28.08 996.94 49.58   13.16881 66.10 70.21 504 085 184    3.95 101.15
2019-03-12 20:17:52       26 0.100000 0.000000 00:03:18 2252.96 3.58 723.65 36.18 1452.95 59.01   12.83501 64.15 68.30 504 085 184    3.95 71.70
2019-03-12 20:21:33       27 0.100000 0.000000 00:03:21 2292.27 3.46 762.22 38.01 1456.59 56.15   12.47779 62.24 65.24 504 085 184    3.95 70.47
2019-03-12 20:25:09       28 0.100000 0.000000 00:03:17 2242.71 6.51 724.15 35.48 1443.43 54.59   12.16724 60.17 61.12 504 085 184    3.95 72.03
2019-03-12 20:28:48       29 0.100000 0.000000 00:03:20 2278.43 6.81 737.46 40.58 1462.69 56.50   11.82689 58.75 65.85 504 085 184    3.95 70.90
2019-03-12 20:32:26       30 0.100000 0.000000 00:03:19 2262.75 4.38 718.97 36.54 1470.68 55.09   11.52600 57.61 61.49 504 085 184    3.95 71.39
2019-03-12 20:36:10       31 0.100000 0.000000 00:03:25 2339.61 5.82 750.55 38.65 1514.67 54.60   11.26391 56.21 52.67 504 085 184    3.95 69.05
2019-03-12 20:39:49       32 0.100000 0.000000 00:03:19 2266.88 7.23 739.79 37.61 1451.79 54.51   11.01580 55.41 55.94 504 085 184    3.95 71.26
2019-03-12 20:43:26       33 0.100000 0.000000 00:03:19 2271.14 6.16 747.68 39.05 1446.98 55.76   10.73498 54.35 49.96 504 085 184    3.95 71.13
2019-03-12 20:47:06       34 0.100000 0.000000 00:03:22 2295.72 5.65 749.12 36.05 1470.48 56.59   10.50673 53.21 54.72 504 085 184    3.95 70.37
2019-03-12 20:50:49       35 0.100000 0.000000 00:03:22 2305.52 4.56 736.30 37.92 1493.68 56.81   10.27618 52.43 50.12 504 085 184    3.95 70.07
2019-03-12 20:54:32       36 0.100000 0.000000 00:03:23 2317.36 4.58 762.60 35.52 1478.93 56.93   10.07390 51.55 56.55 504 085 184    3.95 69.71
2019-03-12 20:58:11       37 0.100000 0.000000 00:03:21 2288.03 6.22 741.02 37.67 1468.13 55.90    9.84313 50.53 53.06 504 085 184    3.95 70.60
2019-03-12 21:01:51       38 0.100000 0.000000 00:03:20 2277.72 4.90 745.43 36.93 1458.32 55.11    9.62461 49.29 48.26 504 085 184    3.95 70.92
2019-03-12 21:05:32       39 0.100000 0.000000 00:03:20 2282.90 5.23 758.20 38.37 1448.76 56.88    9.46228 48.45 47.12 504 085 184    3.95 70.76
2019-03-12 21:09:13       40 0.100000 0.000000 00:03:22 2300.65 7.05 738.86 35.62 1484.67 55.78    9.22486 47.62 46.51 504 085 184    3.95 70.22
2019-03-12 21:12:50       41 0.100000 0.000000 00:03:19 2270.60 4.61 739.58 35.26 1454.72 56.97    9.10277 46.98 46.58 504 085 184    3.95 71.15
2019-03-12 21:16:26       42 0.100000 0.000000 00:03:18 2250.44 5.29 719.13 35.89 1455.43 55.57    8.89762 45.82 49.49 504 085 184    3.95 71.78
2019-03-12 21:19:59       43 0.100000 0.000000 00:03:14 2213.11 5.27 720.03 36.07 1416.59 57.70    8.74578 45.65 46.81 504 085 184    3.95 72.99
2019-03-12 21:23:42       44 0.100000 0.000000 00:03:23 2314.36 7.12 746.10 35.81 1489.21 57.91    8.56496 44.42 49.95 504 085 184    3.95 69.80
2019-03-12 21:27:18       45 0.100000 0.000000 00:03:18 2252.49 4.41 724.52 37.65 1452.66 56.95    8.43019 43.88 49.55 504 085 184    3.95 71.72
2019-03-12 21:31:01       46 0.100000 0.000000 00:03:23 2312.14 3.91 746.86 39.47 1489.70 57.34    8.28792 43.36 44.24 504 085 184    3.95 69.87
2019-03-12 21:34:43       47 0.100000 0.000000 00:03:22 2305.38 4.54 755.96 38.94 1473.02 56.71    8.12086 42.66 42.78 504 085 184    3.95 70.07
2019-03-12 21:38:24       48 0.100000 0.000000 00:03:21 2292.68 4.33 763.73 35.65 1453.05 57.02    7.97028 41.78 46.27 504 085 184    3.95 70.46
2019-03-12 21:42:03       49 0.100000 0.000000 00:03:20 2274.26 4.21 737.87 36.60 1460.64 55.58    7.82723 41.20 45.11 504 085 184    3.95 71.03
2019-03-12 21:45:44       50 0.100000 0.000000 00:03:22 2299.32 4.09 754.81 36.51 1471.07 54.99    7.67680 40.48 48.19 504 085 184    3.95 70.26
2019-03-12 21:49:26       51 0.100000 0.000000 00:03:24 2322.81 4.83 757.97 39.55 1489.47 56.47    7.57537 39.67 50.70 504 085 184    3.95 69.55
2019-03-12 21:53:11       52 0.100000 0.000000 00:03:25 2332.40 7.05 766.25 36.54 1486.71 57.54    7.44324 39.59 41.80 504 085 184    3.95 69.26
2019-03-12 21:56:54       53 0.100000 0.000000 00:03:24 2328.11 4.41 758.55 35.01 1495.26 55.13    7.32572 38.53 44.99 504 085 184    3.95 69.39
2019-03-12 22:00:37       54 0.100000 0.000000 00:03:24 2324.59 4.34 755.43 37.66 1491.70 58.79    7.19233 38.19 44.33 504 085 184    3.95 69.49
2019-03-12 22:04:16       55 0.100000 0.000000 00:03:20 2275.62 5.32 739.43 36.80 1458.87 55.68    7.05845 37.31 41.52 504 085 184    3.95 70.99
2019-03-12 22:07:55       56 0.100000 0.000000 00:03:19 2269.96 5.55 735.74 36.95 1455.73 58.07    6.94449 36.92 42.43 504 085 184    3.95 71.16
2019-03-12 22:11:31       57 0.100000 0.000000 00:03:19 2262.77 5.92 738.22 34.87 1449.47 54.83    6.84795 36.44 38.38 504 085 184    3.95 71.39
2019-03-12 22:15:14       58 0.100000 0.000000 00:03:23 2309.23 5.98 765.18 36.06 1466.86 56.33    6.72687 35.97 38.16 504 085 184    3.95 69.95
2019-03-12 22:19:01       59 0.100000 0.000000 00:03:28 2367.00 5.33 779.12 38.38 1510.19 57.37    6.62907 35.60 43.00 504 085 184    3.95 68.25
2019-03-12 22:22:45       60 0.100000 0.000000 00:03:24 2328.11 5.72 753.80 35.54 1499.74 54.51    6.52327 35.17 39.84 504 085 184    3.95 69.39
2019-03-12 22:26:29       61 0.100000 0.000000 00:03:25 2337.39 4.69 766.41 38.34 1493.03 57.36    6.42167 34.70 41.45 504 085 184    3.95 69.11
2019-03-12 22:30:10       62 0.100000 0.000000 00:03:22 2295.64 5.30 758.74 38.31 1459.65 57.74    6.32006 34.21 41.27 504 085 184    3.95 70.37
2019-03-12 22:33:50       63 0.100000 0.000000 00:03:21 2289.59 5.32 746.53 40.51 1468.92 53.82    6.20986 33.65 37.76 504 085 184    3.95 70.55
2019-03-12 22:37:35       64 0.100000 0.000000 00:03:24 2327.00 4.85 761.87 34.12 1485.47 59.50    6.10990 33.15 38.59 504 085 184    3.95 69.42
2019-03-12 22:41:18       65 0.100000 0.000000 00:03:24 2321.19 5.79 753.94 38.81 1488.76 57.76    6.01818 32.83 38.53 504 085 184    3.95 69.59
2019-03-12 22:45:03       66 0.100000 0.000000 00:03:25 2339.06 6.53 758.19 39.40 1502.30 57.74    5.91552 32.28 38.15 504 085 184    3.95 69.06
2019-03-12 22:48:43       67 0.100000 0.000000 00:03:22 2300.53 5.08 744.16 37.92 1476.47 58.62    5.82639 31.86 36.07 504 085 184    3.95 70.22
2019-03-12 22:52:26       68 0.100000 0.000000 00:03:23 2313.72 5.25 748.60 39.48 1489.04 56.58    5.71312 31.27 37.47 504 085 184    3.95 69.82
2019-03-12 22:56:03       69 0.100000 0.000000 00:03:18 2258.95 5.70 721.30 37.56 1460.79 56.63    5.65360 31.08 38.16 504 085 184    3.95 71.51
2019-03-12 22:59:43       70 0.100000 0.000000 00:03:21 2291.23 3.43 751.77 41.81 1464.97 56.60    5.58993 30.87 38.64 504 085 184    3.95 70.50
2019-03-12 23:03:25       71 0.100000 0.000000 00:03:23 2312.91 4.68 754.78 35.41 1481.96 57.24    5.49297 30.24 39.49 504 085 184    3.95 69.84
2019-03-12 23:07:01       72 0.100000 0.000000 00:03:17 2242.08 6.36 734.08 36.91 1426.92 60.10    5.39515 30.13 37.77 504 085 184    3.95 72.05
2019-03-12 23:10:35       73 0.100000 0.000000 00:03:16 2232.92 4.05 719.98 35.36 1435.35 58.29    5.34061 29.80 37.29 504 085 184    3.95 72.35
2019-03-12 23:14:08       74 0.100000 0.000000 00:03:14 2210.28 5.73 706.46 36.63 1427.52 55.80    5.24023 29.17 35.72 504 085 184    3.95 73.09
2019-03-12 23:17:11       75 0.100000 0.000000 00:02:48 1918.19 3.26 647.40 32.73 1201.01 52.52    5.15290 28.75 34.79 504 085 184    3.95 84.22
2019-03-12 23:19:52       76 0.100000 0.000000 00:02:26 1661.93 4.07 544.25 29.29 1049.81 51.72    5.05109 28.25 34.98 504 085 184    3.95 97.20
2019-03-12 23:22:27       77 0.100000 0.000000 00:02:21 1610.84 5.50 526.21 29.75 1017.79 48.74    4.98265 28.01 38.76 504 085 184    3.95 100.28
2019-03-12 23:25:07       78 0.100000 0.000000 00:02:26 1661.22 3.66 556.55 29.09 1036.45 51.80    4.93474 27.83 36.96 504 085 184    3.95 97.24
2019-03-12 23:27:46       79 0.100000 0.000000 00:02:24 1645.08 2.66 548.19 28.54 1031.19 50.76    4.82903 27.26 36.11 504 085 184    3.95 98.20
2019-03-12 23:30:27       80 0.100000 0.000000 00:02:27 1677.00 5.10 550.09 29.42 1056.81 52.83    4.75658 26.96 37.41 504 085 184    3.95 96.33
2019-03-12 23:33:10       81 0.100000 0.000000 00:02:28 1687.22 4.49 556.51 28.79 1062.63 50.69    4.69472 26.61 34.58 504 085 184    3.95 95.74
2019-03-12 23:35:49       82 0.100000 0.000000 00:02:25 1654.28 2.71 549.67 29.33 1039.96 50.02    4.61671 26.23 36.84 504 085 184    3.95 97.65
2019-03-12 23:38:29       83 0.100000 0.000000 00:02:25 1656.69 4.80 548.99 27.80 1039.36 51.48    4.56510 26.08 34.90 504 085 184    3.95 97.51
2019-03-12 23:41:12       84 0.100000 0.000000 00:02:28 1691.30 3.71 551.98 30.80 1070.62 52.96    4.49330 25.64 36.52 504 085 184    3.95 95.51
2019-03-12 23:43:58       85 0.100000 0.000000 00:02:32 1730.67 3.03 566.15 28.87 1099.19 50.35    4.43878 25.62 36.00 504 085 184    3.95 93.34
2019-03-12 23:46:41       86 0.100000 0.000000 00:02:29 1700.15 3.01 558.10 29.47 1075.64 51.29    4.36127 24.96 35.50 504 085 184    3.95 95.02
2019-03-12 23:49:21       87 0.100000 0.000000 00:02:25 1654.23 4.86 540.07 29.23 1046.71 50.84    4.28344 24.63 35.01 504 085 184    3.95 97.65
2019-03-12 23:52:04       88 0.100000 0.000000 00:02:29 1699.75 4.69 549.60 29.40 1079.42 53.29    4.22524 24.45 33.65 504 085 184    3.95 95.04
2019-03-12 23:54:49       89 0.100000 0.000000 00:02:31 1717.14 3.99 564.69 29.49 1083.66 52.15    4.15043 24.01 34.41 504 085 184    3.95 94.08
2019-03-12 23:57:33       90 0.100000 0.000000 00:02:30 1714.38 3.06 545.51 30.07 1101.07 52.01    4.08374 23.64 35.07 504 085 184    3.95 94.23
2019-03-13 00:00:18       91 0.100000 0.000000 00:02:31 1722.88 5.60 540.83 27.54 1114.38 49.83    4.01319 23.22 35.65 504 085 184    3.95 93.76
2019-03-13 00:02:59       92 0.100000 0.000000 00:02:26 1663.94 3.63 547.73 29.19 1048.19 51.73    3.97696 23.20 34.07 504 085 184    3.95 97.08
2019-03-13 00:05:46       93 0.100000 0.000000 00:02:34 1755.18 4.06 532.21 28.31 1155.01 50.93    3.88152 22.80 35.08 504 085 184    3.95 92.04
2019-03-13 00:08:31       94 0.100000 0.000000 00:02:29 1700.16 2.72 549.73 29.74 1084.16 50.88    3.82272 22.49 34.88 504 085 184    3.95 95.02
2019-03-13 00:11:12       95 0.100000 0.000000 00:02:28 1686.70 5.21 542.57 26.89 1075.62 50.77    3.77264 22.15 33.89 504 085 184    3.95 95.77
2019-03-13 00:14:01       96 0.100000 0.000000 00:02:34 1756.55 3.08 542.53 27.43 1146.50 51.95    3.74150 22.06 33.61 504 085 184    3.95 91.97
2019-03-13 00:16:53       97 0.100000 0.000000 00:02:38 1800.17 3.07 537.80 29.00 1195.90 50.04    3.66331 21.63 33.29 504 085 184    3.95 89.74
2019-03-13 00:19:49       98 0.100000 0.000000 00:02:42 1844.29 2.47 545.69 27.92 1233.02 50.48    3.59682 21.52 32.99 504 085 184    3.95 87.59
2019-03-13 00:22:53       99 0.100000 0.000000 00:02:49 1926.64 3.66 554.08 30.12 1306.24 50.60    3.53833 21.02 33.75 504 085 184    3.95 83.85
2019-03-13 00:25:56      100 0.100000 0.000000 00:02:49 1925.76 4.88 529.90 28.51 1327.72 51.19    3.49766 20.90 33.26 504 085 184    3.95 83.88
2019-03-13 00:28:58      101 0.100000 0.000000 00:02:48 1911.09 4.22 549.76 28.10 1293.46 51.94    3.45344 20.55 32.64 504 085 184    3.95 84.53
2019-03-13 00:32:00      102 0.100000 0.000000 00:02:48 1913.94 2.33 549.67 29.03 1297.28 51.53    3.36882 20.00 33.92 504 085 184    3.95 84.40
2019-03-13 00:35:10      103 0.100000 0.000000 00:02:56 2006.92 4.04 534.03 29.17 1406.26 50.42    3.31233 19.77 33.65 504 085 184    3.95 80.49
2019-03-13 00:38:15      104 0.100000 0.000000 00:02:51 1948.24 3.67 543.28 29.22 1336.41 52.80    3.24262 19.48 32.82 504 085 184    3.95 82.92
2019-03-13 00:41:20      105 0.100000 0.000000 00:02:51 1951.39 3.59 539.09 29.60 1344.93 51.83    3.21342 19.19 32.36 504 085 184    3.95 82.78
2019-03-13 00:44:13      106 0.100000 0.000000 00:02:39 1814.51 3.07 525.00 29.11 1221.65 51.28    3.17556 19.18 33.84 504 085 184    3.95 89.03
2019-03-13 00:47:14      107 0.100000 0.000000 00:02:47 1902.65 4.08 527.34 30.48 1307.53 50.94    3.12151 18.97 32.97 504 085 184    3.95 84.90
2019-03-13 00:50:19      108 0.100000 0.000000 00:02:51 1947.07 3.26 530.24 28.45 1350.25 51.09    3.04762 18.39 32.85 504 085 184    3.95 82.97
2019-03-13 00:53:35      109 0.100000 0.000000 00:03:01 2066.92 4.98 554.28 28.79 1444.78 50.80    3.00320 18.29 32.82 504 085 184    3.95 78.16
2019-03-13 00:56:57      110 0.100000 0.000000 00:03:08 2138.63 4.46 546.35 28.18 1522.78 52.37    2.98043 18.18 32.26 504 085 184    3.95 75.54
2019-03-13 01:00:17      111 0.100000 0.000000 00:03:05 2104.97 4.32 548.18 29.74 1487.81 51.77    2.91803 17.71 32.61 504 085 184    3.95 76.74
2019-03-13 01:03:27      112 0.100000 0.000000 00:02:56 2005.44 3.45 558.49 28.82 1378.76 51.74    2.85684 17.51 33.32 504 085 184    3.95 80.55
2019-03-13 01:07:04      113 0.100000 0.000000 00:03:23 2312.66 5.33 554.23 28.77 1688.77 51.20    2.80867 17.05 34.22 504 085 184    3.95 69.85
2019-03-13 01:10:34      114 0.100000 0.000000 00:03:15 2226.65 4.57 548.97 29.64 1609.81 50.57    2.76243 17.04 32.09 504 085 184    3.95 72.55
2019-03-13 01:14:08      115 0.100000 0.000000 00:03:19 2271.09 3.54 558.76 27.95 1646.49 50.23    2.73059 16.81 32.43 504 085 184    3.95 71.13
2019-03-13 01:17:48      116 0.100000 0.000000 00:03:26 2347.00 4.06 551.85 29.31 1728.75 50.08    2.65618 16.43 33.07 504 085 184    3.95 68.83
2019-03-13 01:21:11      117 0.100000 0.000000 00:03:08 2144.83 3.46 556.74 30.46 1521.30 51.01    2.60054 16.03 32.98 504 085 184    3.95 75.32
2019-03-13 01:24:46      118 0.100000 0.000000 00:03:20 2283.17 3.27 553.75 28.62 1661.79 51.40    2.58928 15.92 32.63 504 085 184    3.95 70.75
2019-03-13 01:28:33      119 0.100000 0.000000 00:03:33 2423.63 4.19 541.02 28.36 1815.18 50.77    2.54422 15.79 32.93 504 085 184    3.95 66.65
2019-03-13 01:32:51      120 0.100000 0.000000 00:04:03 2768.81 4.54 550.85 28.75 2148.72 51.59    2.47886 15.44 32.79 504 085 184    3.95 58.34
2019-03-13 01:37:01      121 0.100000 0.000000 00:03:55 2678.34 3.73 567.27 29.22 2044.06 51.41    2.45499 15.38 32.77 504 085 184    3.95 60.31
2019-03-13 01:41:09      122 0.100000 0.000000 00:03:54 2670.21 4.67 556.76 29.02 2042.14 53.36    2.42478 15.20 32.63 504 085 184    3.95 60.50
2019-03-13 01:45:18      123 0.100000 0.000000 00:03:54 2667.53 3.78 563.04 28.04 2037.54 51.17    2.35584 14.73 33.28 504 085 184    3.95 60.56
2019-03-13 01:49:33      124 0.100000 0.000000 00:04:01 2747.04 4.64 551.21 29.44 2128.14 50.81    2.31939 14.53 32.05 504 085 184    3.95 58.81
2019-03-13 01:53:52      125 0.100000 0.000000 00:04:03 2771.32 4.45 574.37 29.32 2128.73 51.36    2.28445 14.38 32.69 504 085 184    3.95 58.29
2019-03-13 01:58:43      126 0.100000 0.000000 00:04:37 3156.74 2.15 552.82 28.04 2538.65 51.10    2.24803 14.12 31.96 504 085 184    3.95 51.17
2019-03-13 02:03:25      127 0.100000 0.000000 00:04:27 3039.89 4.57 570.28 28.67 2401.22 51.30    2.20166 13.82 32.65 504 085 184    3.95 53.14
2019-03-13 02:08:17      128 0.100000 0.000000 00:04:37 3150.61 3.92 557.68 28.36 2526.57 49.88    2.14662 13.56 33.02 504 085 184    3.95 51.27
2019-03-13 02:13:25      129 0.100000 0.000000 00:04:54 3343.77 5.02 539.10 27.90 2735.52 51.87    2.13826 13.51 32.18 504 085 184    3.95 48.31
2019-03-13 02:18:31      130 0.100000 0.000000 00:04:52 3322.26 4.55 535.41 28.66 2717.50 52.05    2.08324 13.07 32.16 504 085 184    3.95 48.62
2019-03-13 02:23:47      131 0.100000 0.000000 00:05:02 3441.84 4.07 544.89 30.40 2827.44 52.51    2.04451 12.84 32.78 504 085 184    3.95 46.93
2019-03-13 02:29:01      132 0.100000 0.000000 00:04:59 3405.13 4.48 540.85 27.87 2797.10 50.66    2.02876 12.73 33.03 504 085 184    3.95 47.44
2019-03-13 02:34:15      133 0.100000 0.000000 00:05:00 3417.91 3.18 532.65 28.57 2818.33 51.19    1.97309 12.55 32.17 504 085 184    3.95 47.26
2019-03-13 02:39:25      134 0.100000 0.000000 00:04:56 3373.18 4.50 536.04 28.35 2769.13 50.54    1.91731 12.18 33.00 504 085 184    3.95 47.89
2019-03-13 02:44:49      135 0.100000 0.000000 00:05:10 3525.33 3.67 548.96 29.41 2910.18 50.75    1.90049 12.23 33.25 504 085 184    3.95 45.82
2019-03-13 02:50:11      136 0.100000 0.000000 00:05:08 3502.40 3.11 518.81 28.23 2916.41 51.30    1.85361 11.83 32.31 504 085 184    3.95 46.12
2019-03-13 02:55:37      137 0.100000 0.000000 00:05:12 3553.46 3.81 571.01 29.53 2915.07 51.39    1.83675 11.66 32.11 504 085 184    3.95 45.46
2019-03-13 03:00:56      138 0.100000 0.000000 00:05:04 3456.69 5.31 536.65 30.18 2850.34 51.85    1.80237 11.53 32.40 504 085 184    3.95 46.73
2019-03-13 03:06:34      139 0.100000 0.000000 00:05:24 3690.54 3.10 548.53 26.41 3077.18 49.74    1.76569 11.23 32.12 504 085 184    3.95 43.77
2019-03-13 03:12:21      140 0.100000 0.000000 00:05:33 3788.77 4.82 555.52 29.48 3164.01 52.55    1.72582 10.91 33.99 504 085 184    3.95 42.64
2019-03-13 03:18:00      141 0.100000 0.000000 00:05:24 3690.18 3.35 551.71 29.09 3070.49 51.48    1.72088 10.89 32.91 504 085 184    3.95 43.78
2019-03-13 03:23:37      142 0.100000 0.000000 00:05:23 3676.54 3.96 569.75 31.29 3037.81 52.28    1.69266 10.82 32.57 504 085 184    3.95 43.94
2019-03-13 03:29:19      143 0.100000 0.000000 00:05:27 3725.29 3.81 550.50 29.17 3106.24 52.76    1.65420 10.68 33.15 504 085 184    3.95 43.36
2019-03-13 03:35:20      144 0.100000 0.000000 00:05:46 3941.99 5.04 558.38 28.97 3313.25 52.60    1.62767 10.46 31.98 504 085 184    3.95 40.98
2019-03-13 03:41:12      145 0.100000 0.000000 00:05:37 3837.94 2.99 541.60 28.48 3230.32 50.86    1.61435 10.22 31.49 504 085 184    3.95 42.09
2019-03-13 03:47:06      146 0.100000 0.000000 00:05:40 3867.76 3.32 549.83 27.76 3249.75 52.06    1.56708 10.16 33.29 504 085 184    3.95 41.77
2019-03-13 03:53:01      147 0.100000 0.000000 00:05:40 3870.01 2.51 557.82 28.51 3245.94 51.14    1.51721  9.83 32.80 504 085 184    3.95 41.74
2019-03-13 03:58:54      148 0.100000 0.000000 00:05:39 3852.28 5.33 546.89 27.57 3236.27 50.92    1.54098  9.90 32.42 504 085 184    3.95 41.93
2019-03-13 04:04:44      149 0.100000 0.000000 00:05:35 3815.37 5.15 548.73 28.83 3198.10 51.23    1.48497  9.65 32.54 504 085 184    3.95 42.34
2019-03-13 04:10:37      150 0.100000 0.000000 00:05:39 3855.76 3.53 536.17 28.72 3252.09 51.68    1.43577  9.34 33.07 504 085 184    3.95 41.90
2019-03-13 04:16:30      151 0.100000 0.000000 00:05:39 3863.08 5.84 546.54 28.54 3245.61 52.60    1.42648  9.20 32.65 504 085 184    3.95 41.82
2019-03-13 04:22:23      152 0.100000 0.000000 00:05:38 3844.66 3.98 548.85 28.93 3227.71 51.62    1.39933  8.91 31.48 504 085 184    3.95 42.02
2019-03-13 04:28:17      153 0.100000 0.000000 00:05:40 3872.69 4.06 549.81 28.18 3255.37 50.78    1.35555  8.67 32.38 504 085 184    3.95 41.71
2019-03-13 04:34:09      154 0.100000 0.000000 00:05:38 3846.98 3.20 542.72 28.56 3237.23 50.91    1.36941  8.86 32.28 504 085 184    3.95 41.99
2019-03-13 04:40:00      155 0.100000 0.000000 00:05:37 3834.93 3.73 538.03 27.49 3229.62 51.44    1.30995  8.53 32.54 504 085 184    3.95 42.12
