# date	time	epoch	lr	lrcriterion	runtime	bch(ms)	smp(ms)	fwd(ms)	crit-fwd(ms)	bwd(ms)	optim(ms)	loss	train-TER	Valid/-TER	avg-isz	avg-tsz	max-tsz	hrs	thrpt(sec/sec)
2019-03-13 06:15:30      161 0.010000 0.010000 00:05:49 3970.76 10.55 580.57 29.53 3310.84 55.51    0.63982  3.84 30.45 504 085 184    3.95 40.68
2019-03-13 06:21:26      162 0.010000 0.010000 00:05:42 3892.51 4.51 555.12 29.31 3267.70 52.44    0.56282  3.34 30.78 504 085 184    3.95 41.50
2019-03-13 06:27:16      163 0.010000 0.010000 00:05:35 3817.34 4.22 559.83 29.50 3187.60 52.75    0.53934  3.17 30.69 504 085 184    3.95 42.32
2019-03-13 06:33:04      164 0.010000 0.010000 00:05:34 3797.58 4.56 531.09 29.01 3198.46 51.33    0.52495  3.07 30.77 504 085 184    3.95 42.54
2019-03-13 06:38:50      165 0.010000 0.010000 00:05:31 3768.92 3.84 543.57 29.05 3156.65 52.04    0.51146  2.99 30.65 504 085 184    3.95 42.86
2019-03-13 06:44:32      166 0.010000 0.010000 00:05:28 3736.83 4.41 545.98 29.65 3123.01 51.58    0.49620  2.89 30.63 504 085 184    3.95 43.23
2019-03-13 06:50:08      167 0.010000 0.010000 00:05:22 3659.13 3.76 552.21 29.17 3040.48 49.84    0.49024  2.88 30.99 504 085 184    3.95 44.15
2019-03-13 06:55:42      168 0.010000 0.010000 00:05:20 3637.93 3.61 559.85 28.38 3011.12 51.58    0.48073  2.79 30.83 504 085 184    3.95 44.40
2019-03-13 07:01:14      169 0.010000 0.010000 00:05:17 3608.87 3.83 550.29 27.95 2990.94 51.30    0.46802  2.70 30.79 504 085 184    3.95 44.76
2019-03-13 07:06:39      170 0.010000 0.010000 00:05:11 3541.97 3.86 552.03 29.14 2922.23 51.50    0.45981  2.62 30.68 504 085 184    3.95 45.61
2019-03-13 07:12:03      171 0.010000 0.010000 00:05:10 3526.43 4.35 545.83 28.73 2913.09 50.69    0.45256  2.58 30.85 504 085 184    3.95 45.81
2019-03-13 07:17:20      172 0.010000 0.010000 00:05:03 3444.52 3.15 544.83 27.83 2832.55 51.49    0.44727  2.56 30.80 504 085 184    3.95 46.90
2019-03-13 07:22:36      173 0.010000 0.010000 00:05:02 3439.92 3.04 549.71 27.46 2825.23 50.17    0.44028  2.50 30.96 504 085 184    3.95 46.96
2019-03-13 07:27:50      174 0.010000 0.010000 00:04:59 3404.68 4.23 557.20 30.23 2779.60 50.76    0.42715  2.43 30.86 504 085 184    3.95 47.45
2019-03-13 07:33:04      175 0.010000 0.010000 00:04:59 3404.16 3.76 543.21 29.71 2794.04 50.09    0.42418  2.39 30.90 504 085 184    3.95 47.45
2019-03-13 07:38:13      176 0.010000 0.010000 00:04:55 3356.98 3.48 548.05 28.37 2743.50 49.95    0.41349  2.33 30.98 504 085 184    3.95 48.12
2019-03-13 07:43:20      177 0.010000 0.010000 00:04:52 3326.86 2.74 555.76 27.55 2705.35 51.03    0.40669  2.29 30.93 504 085 184    3.95 48.56
2019-03-13 07:48:26      178 0.010000 0.010000 00:04:52 3321.06 3.33 554.17 29.33 2700.37 50.74    0.39532  2.21 30.95 504 085 184    3.95 48.64
2019-03-13 07:53:29      179 0.010000 0.010000 00:04:49 3290.50 3.81 534.65 28.02 2689.74 49.61    0.39339  2.20 30.95 504 085 184    3.95 49.09
2019-03-13 07:58:31      180 0.010000 0.010000 00:04:48 3277.26 5.22 549.19 29.23 2658.40 51.17    0.38743  2.17 31.01 504 085 184    3.95 49.29
2019-03-13 08:03:34      181 0.010000 0.010000 00:04:48 3284.02 3.34 564.73 28.30 2651.50 51.17    0.38418  2.13 31.14 504 085 184    3.95 49.19
2019-03-13 08:08:36      182 0.010000 0.010000 00:04:49 3284.11 3.20 565.93 28.83 2652.50 50.12    0.37205  2.05 31.13 504 085 184    3.95 49.19
2019-03-13 08:13:35      183 0.010000 0.010000 00:04:44 3236.28 3.28 556.85 28.92 2614.20 49.29    0.36867  2.06 31.11 504 085 184    3.95 49.92
2019-03-13 08:18:31      184 0.010000 0.010000 00:04:42 3214.78 3.43 547.27 28.55 2601.77 50.49    0.35946  1.98 31.12 504 085 184    3.95 50.25
2019-03-13 08:23:41      185 0.010000 0.010000 00:04:52 3319.27 4.75 557.72 29.02 2693.26 51.98    0.35364  1.95 31.03 504 085 184    3.95 48.67
2019-03-13 08:28:47      186 0.010000 0.010000 00:04:51 3316.46 2.98 571.34 30.00 2679.89 48.94    0.34929  1.93 31.20 504 085 184    3.95 48.71
2019-03-13 08:34:00      187 0.010000 0.010000 00:04:59 3405.45 3.30 601.34 31.07 2737.17 50.83    0.34492  1.92 31.13 504 085 184    3.95 47.44
2019-03-13 08:38:51      188 0.010000 0.010000 00:04:37 3157.26 3.66 543.19 29.61 2546.19 51.18    0.33890  1.87 31.19 504 085 184    3.95 51.17
2019-03-13 08:44:42      189 0.010000 0.010000 00:05:30 3755.95 3.65 652.84 35.61 3026.69 54.66    0.33319  1.83 31.16 504 085 184    3.95 43.01
2019-03-13 08:50:37      190 0.010000 0.010000 00:05:40 3874.81 6.16 677.42 34.96 3121.86 55.30    0.32817  1.77 31.30 504 085 184    3.95 41.69
2019-03-13 08:55:21      191 0.010000 0.010000 00:04:30 3070.55 3.17 537.66 29.88 2466.14 50.55    0.32209  1.74 31.27 504 085 184    3.95 52.61
2019-03-13 09:00:07      192 0.010000 0.010000 00:04:33 3109.60 3.60 544.75 29.03 2498.72 50.70    0.31609  1.71 31.16 504 085 184    3.95 51.95
2019-03-13 09:04:55      193 0.010000 0.010000 00:04:33 3111.16 3.46 549.19 27.22 2494.80 51.11    0.31160  1.70 31.08 504 085 184    3.95 51.92
2019-03-13 09:09:41      194 0.010000 0.010000 00:04:32 3095.68 3.88 539.91 28.83 2489.33 49.92    0.30557  1.67 31.17 504 085 184    3.95 52.18
2019-03-13 09:14:28      195 0.010000 0.010000 00:04:33 3103.53 3.84 550.13 27.36 2487.52 49.89    0.30220  1.64 31.24 504 085 184    3.95 52.05
2019-03-13 09:19:16      196 0.010000 0.010000 00:04:33 3111.47 2.82 552.17 28.02 2493.48 50.55    0.29518  1.56 31.35 504 085 184    3.95 51.92
2019-03-13 09:23:56      197 0.010000 0.010000 00:04:27 3040.54 3.77 536.62 29.96 2435.58 51.74    0.29152  1.57 31.42 504 085 184    3.95 53.13
2019-03-13 09:28:39      198 0.010000 0.010000 00:04:29 3064.08 4.01 537.09 29.35 2459.96 51.11    0.28863  1.54 31.31 504 085 184    3.95 52.72
2019-03-13 09:33:24      199 0.010000 0.010000 00:04:30 3073.99 6.00 549.08 27.71 2453.68 52.66    0.28063  1.47 31.12 504 085 184    3.95 52.55
2019-03-13 09:39:02      200 0.010000 0.010000 00:05:18 3622.99 3.46 637.04 35.97 2915.58 53.70    0.27419  1.43 31.33 504 085 184    3.95 44.59
2019-03-13 09:44:48      201 0.010000 0.010000 00:05:31 3770.51 5.42 668.39 36.37 3026.54 53.78    0.27240  1.44 31.34 504 085 184    3.95 42.84
2019-03-13 09:49:31      202 0.010000 0.010000 00:04:29 3059.89 4.75 535.16 29.93 2457.17 50.62    0.26758  1.40 31.29 504 085 184    3.95 52.79
2019-03-13 09:54:13      203 0.010000 0.010000 00:04:28 3052.08 2.73 543.92 26.92 2444.69 49.37    0.26329  1.35 31.14 504 085 184    3.95 52.93
2019-03-13 09:58:56      204 0.010000 0.010000 00:04:28 3049.05 2.99 536.63 26.90 2447.10 49.68    0.26004  1.33 31.27 504 085 184    3.95 52.98
2019-03-13 10:03:33      205 0.010000 0.010000 00:04:23 2996.02 3.41 522.42 28.97 2407.30 50.74    0.25388  1.29 31.49 504 085 184    3.95 53.92
2019-03-13 10:08:14      206 0.010000 0.010000 00:04:27 3039.92 4.16 548.82 29.42 2422.74 50.59    0.25175  1.30 31.26 504 085 184    3.95 53.14
2019-03-13 10:14:41      207 0.010000 0.010000 00:06:06 4162.66 5.96 739.51 38.20 3338.74 60.86    0.24707  1.27 31.46 504 085 184    3.95 38.81
2019-03-13 10:19:59      208 0.010000 0.010000 00:05:04 3462.27 4.83 630.27 33.93 2759.68 52.89    0.24236  1.22 31.35 504 085 184    3.95 46.66
2019-03-13 10:24:36      209 0.010000 0.010000 00:04:24 3002.69 3.16 533.01 29.37 2402.28 51.40    0.23843  1.21 31.36 504 085 184    3.95 53.80
2019-03-13 10:29:12      210 0.010000 0.010000 00:04:21 2976.97 3.38 530.33 29.21 2380.92 51.05    0.23530  1.19 31.31 504 085 184    3.95 54.26
2019-03-13 10:33:53      211 0.010000 0.010000 00:04:27 3036.25 3.87 554.07 30.44 2414.85 50.08    0.22980  1.13 31.34 504 085 184    3.95 53.20
2019-03-13 10:38:32      212 0.010000 0.010000 00:04:24 3010.20 2.48 543.50 29.41 2401.57 50.77    0.22557  1.10 31.41 504 085 184    3.95 53.66
2019-03-13 10:43:12      213 0.010000 0.010000 00:04:25 3022.20 3.63 546.77 28.57 2409.61 49.87    0.22102  1.11 31.50 504 085 184    3.95 53.45
2019-03-13 10:47:51      214 0.010000 0.010000 00:04:25 3016.87 4.03 540.44 27.49 2410.09 49.95    0.21975  1.10 31.45 504 085 184    3.95 53.55
2019-03-13 10:55:43      215 0.010000 0.010000 00:07:32 5139.31 8.88 924.57 48.12 4129.95 59.91    0.21423  1.05 31.32 504 085 184    3.95 31.43
2019-03-13 11:00:28      216 0.010000 0.010000 00:04:31 3086.07 2.96 556.24 28.67 2463.15 50.91    0.21086  1.04 31.36 504 085 184    3.95 52.35
2019-03-13 11:05:17      217 0.010000 0.010000 00:04:30 3076.69 5.08 564.82 28.71 2442.04 52.07    0.20552  1.02 31.27 504 085 184    3.95 52.51
2019-03-13 11:11:26      218 0.010000 0.010000 00:05:50 3979.20 5.13 743.24 36.99 3158.27 58.03    0.20075  0.97 31.41 504 085 184    3.95 40.60
2019-03-13 11:17:46      219 0.010000 0.010000 00:06:00 4093.15 5.71 751.24 37.47 3263.30 58.25    0.20083  0.99 31.34 504 085 184    3.95 39.47
2019-03-13 11:26:17      220 0.010000 0.010000 00:08:11 5581.60 10.51 1019.35 46.66 4459.35 71.77    0.19621  0.96 31.56 504 085 184    3.95 28.94
2019-03-13 11:32:57      221 0.010000 0.010000 00:06:13 4245.99 6.21 790.29 38.31 3370.36 63.08    0.19197  0.92 31.34 504 085 184    3.95 38.05
2019-03-13 11:41:20      222 0.010000 0.010000 00:08:04 5500.70 9.07 1002.67 45.71 4402.30 64.42    0.19075  0.92 31.41 504 085 184    3.95 29.37
2019-03-13 11:47:46      223 0.010000 0.010000 00:06:06 4170.27 5.58 774.11 35.96 3317.52 58.41    0.18552  0.90 31.41 504 085 184    3.95 38.74
2019-03-13 11:54:00      224 0.010000 0.010000 00:05:56 4047.27 6.12 748.22 35.14 3221.39 56.05    0.18021  0.84 31.57 504 085 184    3.95 39.91
2019-03-13 12:00:13      225 0.010000 0.010000 00:05:55 4035.93 4.89 739.86 37.96 3220.05 56.91    0.17896  0.84 31.37 504 085 184    3.95 40.03
2019-03-13 12:06:28      226 0.010000 0.010000 00:05:57 4063.04 4.75 741.09 39.62 3246.30 56.10    0.17264  0.80 31.26 504 085 184    3.95 39.76
2019-03-13 12:12:44      227 0.010000 0.010000 00:05:57 4063.30 5.30 729.34 37.02 3256.92 56.23    0.17363  0.81 31.41 504 085 184    3.95 39.76
2019-03-13 12:19:09      228 0.010000 0.010000 00:06:09 4196.79 7.36 773.23 37.73 3340.59 59.27    0.17200  0.81 31.55 504 085 184    3.95 38.49
2019-03-13 12:24:08      229 0.010000 0.010000 00:04:44 3232.92 2.72 574.94 30.26 2586.69 50.53    0.16553  0.76 31.44 504 085 184    3.95 49.97
2019-03-13 12:30:33      230 0.010000 0.010000 00:06:05 4152.33 5.26 733.46 39.89 3314.57 57.89    0.16488  0.79 31.69 504 085 184    3.95 38.90
2019-03-13 12:35:23      231 0.010000 0.010000 00:04:36 3142.14 3.85 551.62 29.81 2524.11 48.50    0.15771  0.72 31.43 504 085 184    3.95 51.41
2019-03-13 12:40:06      232 0.010000 0.010000 00:04:29 3059.85 4.41 526.85 29.45 2467.34 48.13    0.15673  0.71 31.50 504 085 184    3.95 52.79
2019-03-13 12:46:38      233 0.010000 0.010000 00:06:11 4224.34 6.89 741.13 37.41 3372.58 66.25    0.15203  0.68 31.42 504 085 184    3.95 38.24
2019-03-13 12:51:46      234 0.010000 0.010000 00:04:53 3340.10 3.32 602.34 31.52 2669.52 50.08    0.14875  0.68 31.70 504 085 184    3.95 48.36
2019-03-13 12:57:55      235 0.010000 0.010000 00:05:48 3955.27 3.42 721.68 37.90 3155.42 57.38    0.14587  0.66 31.50 504 085 184    3.95 40.84
2019-03-13 13:03:46      236 0.010000 0.010000 00:05:35 3815.63 4.56 691.54 37.10 3044.80 54.89    0.14275  0.64 31.48 504 085 184    3.95 42.34
2019-03-13 13:08:32      237 0.010000 0.010000 00:04:30 3077.68 4.55 538.44 28.99 2472.83 48.15    0.13959  0.62 31.51 504 085 184    3.95 52.49
2019-03-13 13:14:58      238 0.010000 0.010000 00:06:10 4208.26 4.55 755.75 38.83 3349.04 58.59    0.13903  0.63 31.45 504 085 184    3.95 38.39
2019-03-13 13:20:20      239 0.010000 0.010000 00:05:07 3492.66 5.37 636.54 31.46 2788.17 49.12    0.13490  0.58 31.49 504 085 184    3.95 46.25
2019-03-13 13:25:08      240 0.010000 0.010000 00:04:34 3115.35 2.40 564.27 30.03 2488.02 47.56    0.13095  0.56 31.40 504 085 184    3.95 51.85
2019-03-13 13:29:57      241 0.010000 0.010000 00:04:34 3119.26 3.54 560.84 28.65 2492.54 48.07    0.12874  0.55 31.53 504 085 184    3.95 51.79
2019-03-13 13:34:46      242 0.010000 0.010000 00:04:34 3123.29 2.88 560.66 29.69 2496.54 49.50    0.12568  0.54 31.53 504 085 184    3.95 51.72
2019-03-13 13:39:35      243 0.010000 0.010000 00:04:35 3129.74 2.48 563.32 28.72 2502.10 47.91    0.12327  0.52 31.54 504 085 184    3.95 51.62
2019-03-13 13:44:24      244 0.010000 0.010000 00:04:35 3125.77 3.15 570.40 28.81 2490.12 48.79    0.12125  0.52 31.71 504 085 184    3.95 51.68
2019-03-13 13:49:11      245 0.010000 0.010000 00:04:33 3112.81 3.61 558.18 28.89 2489.96 47.85    0.11700  0.48 31.56 504 085 184    3.95 51.90
2019-03-13 13:53:58      246 0.010000 0.010000 00:04:32 3093.05 4.39 555.02 28.79 2472.28 48.28    0.11572  0.47 31.81 504 085 184    3.95 52.23
2019-03-13 13:58:37      247 0.010000 0.010000 00:04:25 3022.61 3.52 541.56 28.37 2416.67 47.83    0.11094  0.45 31.55 504 085 184    3.95 53.44
2019-03-13 14:03:26      248 0.010000 0.010000 00:04:34 3117.28 4.44 558.40 28.94 2494.95 47.00    0.10867  0.44 31.54 504 085 184    3.95 51.82
2019-03-13 14:08:10      249 0.010000 0.010000 00:04:29 3066.10 3.91 547.96 27.84 2455.53 46.47    0.10573  0.42 31.53 504 085 184    3.95 52.69
2019-03-13 14:14:18      250 0.010000 0.010000 00:05:50 3984.04 3.96 711.10 37.45 3185.57 57.71    0.10494  0.42 31.52 504 085 184    3.95 40.55
2019-03-13 14:19:10      251 0.010000 0.010000 00:04:38 3163.41 3.33 573.36 29.37 2526.78 47.66    0.10187  0.40 31.69 504 085 184    3.95 51.07
2019-03-13 14:23:56      252 0.010000 0.010000 00:04:30 3075.31 2.32 545.68 28.55 2467.51 46.57    0.09984  0.38 31.55 504 085 184    3.95 52.53
